convert/nanhai_surfer.grd
DSAA
75 100
105.0083 120.0083
5.002 24.9926
-128.49224769691 328.43061231896
[rows 62 to 92 of 100, columns 0 to 69 of 75]
-61.115 -67.397 -48.005 -43.389 -29.035 -15.981 -12.093 -19.598 -24.121 -21.206 -19.634 -21.865 -24.398 -25.378 -19.305 -22.746 -28.638 -16.93 -10.69 -9.3505 -2.9544 -6.4089 1.416 11.733 22.023 29.455 40.632 44.736 44.015 49.151 63.333 62.933 76.721 72.445 81.863 81.219 87.284 96.078 77.525 53.904 110.78 132.71 170.89 205.42 222.98 243.35 248.69 246.41 224.24 216.77 214.67 229.84 241.3 242.28 253.68 277.42 280.16 284.91 281.25 276.99 275.31 276.09 278.45 284.11 284.27 284.94 278.9 274.97 278.08 262.46
-45.098 -44.62 -29.25 6.4897 -35.938 -30.645 -24.713 -1.134 -21.435 -11.71 -21.365 -24.444 -27.229 -25.874 -24.495 -18.334 -16.679 -5.0426 -4.2268 -6.6082 -11.119 -20.976 -12.395 -1.4015 2.7807 19.19 34.857 40.427 39.172 46.238 61.204 73.062 81.654 85.656 94.057 108.63 118.71 120.06 110.23 110.81 113.02 135.91 133.48 161.92 210.19 215.47 238.87 255.5 253.2 245.77 243.85 249.25 250.67 247.81 263.16 270.69 276.03 277.48 275.49 272.87 281.88 275.03 277.6 276.87 275.03 286.98 284.72 273.81 276.54 264.48
-55.951 -35.98 -42.421 -29.936 -29.483 -25.029 -10.557 -11.116 -17.016 -21.737 -29.368 -20.95 -20.687 -14.63 -12.975 -14.524 -3.9544 -3.6316 -14.152 -13.693 -22.573 -26.458 -7.5693 -1.3451 -9.7368 -2.5146 17.669 27.978 25.541 36.937 71.87 84.612 97.467 110.41 119.63 118.9 129.41 133.07 123.89 118.44 110.1 124.22 126.29 152.41 185 212.43 238.01 253.22 256.05 255.64 257.98 261.26 260.04 255.48 269.41 273.45 274.27 280.6 280.01 276.93 273.49 277.12 278 276.91 279.77 284.1 280.46 277.64 287.66 265.81
-65.184 -58.559 6.7447 -30.667 -32.005 -17.714 -21.014 -25.216 -33.876 -29.246 -21.485 -14.82 -14.804 -12.811 -13.733 -13.825 1.9991 -10.024 -20.58 -21.277 -32.695 -27.085 -21.994 -28.603 -0.52176 2.7254 -11.204 14.8 25.021 24.074 52.854 70.09 87.72 87.13 96.509 120.06 118.79 117.86 122.39 122.24 147.12 150.95 133.15 146.44 164.08 208.32 234.82 253.8 242.01 250.81 252.11 260.36 255.6 260.78 264.39 268.73 272.36 277.49 275 281.14 282.21 280.86 281.14 281.74 285.53 281.55 278.68 273.14 276 269.72
-53.319 -25.952 -39.62 -24.666 -16.563 -19.578 -16.824 -18.311 -17.794 -30.315 -25.911 -21.373 -23.065 -19.222 -17.143 -8.2006 -2.6971 -22.199 -25.1 -39.073 -50.062 -27.838 -15.368 -14.258 -39.535 -2.1258 9.5522 2.1913 14.127 22.42 31.057 46.346 60.926 67.119 79.562 76.576 82.497 86.802 91.323 104.63 114.46 131.65 130.49 146.42 158.26 179.94 211.27 242.29 246.2 242.16 234.72 252.89 256.43 249.82 250.21 263.32 270.43 269.76 273.03 277.66 282.8 284.55 284.53 287.39 285.21 280.73 280 264.31 268.14 266.58
-68.1 -57.832 -31.416 -21.801 -36.055 -19.231 -21.638 -13.132 -20.372 -31.796 -31.487 -26.638 -24.46 -24.779 -19.169 -2.291 -12.736 -26.426 -48.946 -26.698 -8.6572 7.5923 17.91 -26.758 -4.5267 -19.032 0.03013 9.687 12.38 7.2523 14.242 22.197 25.711 22.121 32.744 44.261 57.984 59.534 67.446 90.497 92.784 89.29 101.95 100.33 122.34 158.42 192.45 227.55 231.79 238.6 245.95 246.83 254.09 232.35 231.04 237.29 243.45 239.03 260.55 267.2 277.2 277.22 280.26 281.36 278.37 279.48 271.85 275.97 267.78 267.2
-37.392 -30.126 -29.823 -21.603 -29.944 -20.216 -16.204 -11.104 -19.21 -34.222 -35.334 -31.567 -24.114 -19.066 -8.3493 -2.407 -27.947 -32.136 -72.826 9.5572 2.6941 0.027676 8.0737 -11.678 -3.9843 20.23 -9.2928 -16.34 16.719 13.485 7.4174 8.0092 11.094 9.2909 23.358 25.589 28.442 38.714 53.171 51.228 67.55 71.444 89.204 80.66 90.817 95.178 142.95 192.76 212.5 223.12 224 224.21 238.87 207.76 214.91 211.98 198.72 207.59 233.61 249.22 269.94 275.96 278.69 274.89 275.3 275.91 276.04 273.09 271.81 270.56
-50.085 -34.324 -20.025 -22.013 -9.6478 -13.993 -15.147 -15.301 -24.463 -35.479 -33.361 -30.68 -22.813 -13.815 -8.2482 -10.908 -12.271 -28.044 -35.389 0.85711 2.6274 9.5297 26.701 21.2 -3.389 -4.1868 3.7078 -3.6343 15.544 12.542 9.7958 5.7111 5.9946 3.0894 14.64 17.96 21.29 37.014 34.996 43.135 45.234 63.931 67.459 68.003 78.348 89.907 108.34 116.17 144.96 162.04 202.82 167.11 169.42 170.77 195.1 174.35 185.81 198.89 221.72 233.31 251.68 268.3 313.29 273.45 280.78 280.62 283.23 280.13 278.22 278.54
-31.646 -28.276 -14.115 -19.412 -19.736 -13.707 -14.625 -5.8986 -20.488 -28.15 -31.958 -26.59 -16.639 -13.189 -19.973 -29.547 -13.285 -17.336 7.1694 3.7457 -4.8945 25.643 -7.2487 6.71 -0.2492 -7.9969 -13.133 -11.577 11.892 5.3895 14.547 2.051 -2.9304 -2.9611 19.801 17.229 16.497 16.8 26.512 33.212 25.832 40.033 44.334 52.089 45.78 69.972 81.125 89.189 106.68 107.22 125.57 149.48 168.03 175.99 180.49 172.4 177.92 171.08 176.6 194.79 230.75 248.12 265.13 266.04 268.21 271.5 274.14 274.32 273.17 275.77
-28.878 -30.848 -18.191 -15.688 -30.782 -9.1459 -12.012 -6.8104 -13.371 -32.292 -37.305 -28.663 -15.302 -26.737 -37.462 -28.735 -16.133 -6.8997 -25.672 0.39124 1.4871 -5.7537 -8.9366 -12.122 -8.8148 -9.7241 -8.4527 -16.341 -0.48943 8.343 6.2812 9.4055 0.014319 -3.7513 -0.83078 9.8592 12.122 7.8778 24.712 29.947 28.346 27.644 37.069 38.679 49.817 59.295 62.785 81.016 81.354 87.98 105.7 137.53 161.7 156.66 154.39 147.03 151.95 158.33 165.72 187.82 213.92 235.35 250.04 246.35 239.32 251.38 253.01 249.88 244.41 241.79
-50.145 -30.28 -17.788 -16.625 -23.454 -0.086109 -3.3284 -9.5626 -24.353 -38.569 -38.853 -31.123 -23.739 -41.034 -46.138 -36.283 -24.474 -15.527 0.86084 -22.274 -15.969 -12.679 -16.496 -17.848 -12.373 -13.437 -14.329 -8.9772 -9.0025 4.9822 7.0815 0.059631 -3.1148 -5.6485 3.379 -0.19812 14.099 6.3818 7.2228 17.446 27.187 23.651 24.805 35.938 43.275 43.652 45.494 60.388 66.104 82.778 102.59 122.39 124.2 133.63 137.63 141.25 147.99 146.04 148.64 184.99 199.17 205.69 233.63 210.43 205.63 228.15 232.75 227.05 222.93 226.47
-23.184 -10.597 -9.3333 -7.4136 -1.1043 -14.942 -2.7305 -13.082 -33.112 -40.301 -40.226 -34.391 -27.294 -32.554 -58.617 -41.72 -21.37 -16.853 -7.5796 -12.189 -19.892 -15.141 -19.517 -20.291 -15.055 -17.534 -20.861 -8.3809 -6.3682 -6.889 -1.9655 -2.8093 -11.676 6.8172 -2.2372 0.043056 5.281 16.476 12.146 10.908 9.6749 23.844 27.295 22.541 34.378 31.106 38.68 47.619 62.548 78.812 86.274 93.822 108.11 116.67 125.59 105.42 106.84 108.11 111.78 141.46 161.03 194.15 193.75 200.3 207.31 216.23 228.22 218.76 217.7 208.91
-0.015559 -17.182 -14.713 -0.080348 2.5702 1.8169 3.6876 -8.8238 -29.117 -37.886 -29.265 -31.872 -26.521 -27.106 -41.884 -25.958 -31.089 -33.488 -27.747 -26.014 -4.516 -17.688 -31.52 -20.542 -18.916 -21.97 -22.091 -14.776 -4.4571 -2.9147 1.7793 7.4444 6.2724 3.6795 -0.52399 -6.6024 3.6625 6.8311 6.7552 6.9353 7.4443 5.0363 6.4913 19.631 26.452 25.777 40.079 36.782 39.67 55.726 66.185 47.923 78.231 86.094 92.687 89.316 104.02 85.671 92.654 127.39 134.55 150.3 171.33 184.76 197.81 203.92 194.49 218.87 222.08 221
-9.1523 -32.185 -26.039 1.3797 -20.969 -39.066 -23.628 -7.0796 -35.809 -26.753 -29.909 -33.71 -28.088 -8.8117 -47.216 -39.681 -32.288 -39.03 -32.372 -21.367 -27.581 -39.245 -33.351 -33.041 -2.4638 -7.5434 -13.945 -6.8531 -10.887 3.5774 3.6598 -2.3045 -1.7454 6.7687 1.1443 -8.4403 -3.9434 -5.5712 -0.61545 -4.11 3.2429 3.2021 4.2064 4.2415 5.9422 13.56 22.703 27.188 28.595 31.862 44.38 49.76 60.136 66.449 75.271 54.707 68.405 69.711 67.084 80.88 89.31 136.27 149.7 167.65 174.01 191.08 192.65 195.6 215.26 211.09
-43.088 -35.312 -16.851 -29.895 -44.524 -32.136 -22.728 -41.194 -24.853 -21.603 -22.631 -24.66 -9.3455 -5.7504 -27.848 -41.8 -42.508 -36.511 -37.065 -29.461 -36.247 -35.052 -30.546 -24.473 -9.6254 -10.315 1.1151 -1.7794 -14.701 0.051812 -0.58273 -0.98976 6.684 -0.32363 2.7383 -11.488 -4.1553 -9.5864 2.2246 -5.7712 -5.8963 -2.398 1.1048 5.0634 2.5133 5.0485 12.114 17.178 22.055 27.501 37 37.084 36.86 36.717 46.676 46.086 57.474 55.671 49.907 61.683 69.368 93.133 138.62 166.17 169.72 175.67 183.01 196 205.21 215.29
-47.75 -37.236 -29.964 -29.988 -38.382 -31.99 -40.46 -60.886 -21.291 -9.7366 -6.3757 -7.2201 -11.596 -9.783 -13.291 -22.66 -43.655 -39.748 -36.997 -36.499 -37.066 -27.874 -33.972 -30.35 -30.118 -18.721 -8.2578 -7.6573 5.0744 -9.5825 3.4475 -2.252 -5.8416 -9.8673 -14.138 6.4044 -5.1265 -12.782 -9.3499 -2.909 -4.0985 -7.175 3.9966 -0.054624 7.0905 -0.14144 6.3729 9.7799 16.948 13.141 20.416 23.587 35.002 27.464 36.675 40.018 48 37.658 29.09 49.43 62.249 80.187 105.88 126.34 141.93 165.46 186.47 194.46 204.68 211.74
-47.957 -50.74 -35.876 -17.692 -35.749 -50.452 -50.84 -40.475 -18.786 -15.075 2.6368 -6.1967 -18.293 -16.239 -15.682 -10.96 -16.612 -35.221 -41.02 -39.823 -30.038 -36.214 -26.047 -4.3819 -20.692 -14.381 -5.4839 -25.373 -16.366 -27.661 8.9858 -17.886 -14.764 -14.462 -6.4458 -4.4314 -2.5215 -10.34 -6.1986 -5.8852 -4.6925 -1.9294 -7.1177 -4.2829 5.8915 2.2057 8.8295 6.6261 9.1476 6.8087 9.3658 15.532 26.25 32.12 24.26 36.094 50.185 42.384 20.124 42.633 42.392 59.679 81.447 100.77 136.77 157.81 185.16 186.34 192.4 203.05
-15.918 -31.163 -36.113 -37.577 -45.856 -40.452 -32.262 -29.702 -30.067 -31.224 -31.635 -24.784 -22.511 -18.4 -23.645 -21.277 -20.603 -18.517 -29.254 -14.896 -31.406 -28.564 -30.738 -30.9 -22.151 -13.645 -11.563 -5.656 -7.9383 3.4175 1.5694 -5.5763 3.1545 6.6862 -18.44 -3.8769 5.5664 0.57288 -4.1082 -11.163 -7.3849 0.97875 -6.9751 -7.4705 -1.8508 1.5677 -3.2905 -2.5164 1.5304 7.0716 9.3365 19.743 19.52 32.203 21.264 29.573 29.698 44.564 39.522 42.079 42.554 27.648 65.496 103.29 137.04 143.81 169.04 193.66 183.3 198.8
-32.252 -39.835 -49.014 -49.164 -42.579 -34.557 -36.502 -31.377 -24.697 -32.383 -20.934 -40.376 -31.269 -13.856 -32.89 -20.66 -22.178 -16.24 -15.324 -12.391 -23.25 -15.86 -33.956 -27.744 -19.88 -10.51 -18.708 -19.447 -11.772 -9.097 -9.4253 -0.7124 0.54336 -20.79 1.1387 -14.19 0.1973 2.2646 1.2597 -7.8129 -3.7475 0.17864 -3.7415 -17.258 -12.288 -1.8567 -10.637 -12.848 -4.9021 -0.29799 16.732 19.379 16.496 14.504 15.997 26.55 33.018 33.083 40.475 32.581 35.092 55.646 64.239 82.683 118.44 141.74 159.99 176.24 182.63 188.16
-37.716 -36.791 -40.533 -41.183 -36.344 -36.537 -37.644 -32.096 -24.366 -32.047 -21.437 -32.532 -37.443 -25.393 -35.992 -24.523 -14.079 -15.438 -10.17 -11.03 -21.087 -18.228 -13.695 -12.745 -12.928 -5.8911 -19.356 -22.965 -4.9224 -2.241 -11.631 -9.7735 -9.4534 -4.0589 -6.7094 5.1023 -15.082 -7.2295 4.2054 -5.1482 -3.7717 12.949 -6.5134 -4.7248 -11.551 -7.5898 -10.218 -2.1776 -11.718 -2.5801 3.2979 9.952 13.005 8.1908 7.6446 10.598 22.595 21.723 25.324 37.767 42.2 47.966 57.594 92.871 109.1 138.91 146.18 170.48 182.78 193.6
-49.105 -37.762 -43.093 -22.261 -49.038 -43.805 -41.776 -43.553 -30.861 -21.36 -28.57 -37.241 -28.571 -5.4873 -49.055 -24.633 -32.265 -28.895 -16.77 -31.158 -22.639 -12.779 -6.229 -9.9996 -16.816 -12.052 -15.644 -14.487 -5.867 0.77843 -11.931 -18.198 -20.271 -19.872 -17.279 -1.0788 -0.032514 -4.4817 1.4657 -0.35016 -0.97723 2.4085 6.7847 1.1145 -4.2649 -4.0603 -5.3415 -12.583 -12.605 -17.347 -7.2733 1.6225 8.1703 10.555 9.7163 11.21 13.81 23.337 18.597 19.208 31.785 43.905 51.668 52.269 78.118 125.4 134.11 156.38 189.87 193.39
-44.831 -51.702 -54.324 -56.548 -45.244 -57.468 -49.926 -31.81 -37.178 -44.61 -40.887 -24.188 -37.548 -38.397 -53.757 -52.641 -23.679 -15.887 -7.5719 -10.901 -16.62 -19.517 -18.209 -14.869 -28.339 -32.738 -34.962 -21.038 -15.019 -19.378 -34.405 -32.222 -26.091 -22.189 -23.309 -22.005 -10.413 -5.7408 -12.331 -5.8444 2.023 -5.8877 1.7178 -0.35561 -1.5427 -9.2579 -12.005 -12.118 -7.5989 -11.637 -14.159 -5.5936 -0.19685 10.722 10.032 12.996 0.50868 11.426 13.984 16.76 21.759 33.535 41.079 51.054 61.259 91.804 118 147.04 151.87 179.13
-49.283 -54.342 -52.889 -56.277 -55.347 -51.939 -53.874 -33.357 -47.995 -47.511 -51.365 -29.268 -31.992 -42.047 -40.88 -26.709 -33.602 -25.235 -22.133 -16.818 -14.665 -19.011 -21.21 -19.039 -26.154 -39.133 -37.304 -26.646 -23.052 -21.139 -6.2768 -36.638 -26.607 -31.538 -26.863 -19.483 -18.112 -7.0836 -25.459 -17.824 -31.741 -18.047 -5.6057 -2.3746 8.1365 6.3735 3.3795 3.2279 4.3473 0.63516 -4.9732 -6.9908 -1.0007 -3.2659 -3.0533 5.5364 7.7126 6.9879 10.167 14.518 16.682 11.651 26.411 43.521 56.125 74.184 103.09 136.64 105.63 131.99
-45.203 -46.605 -44.95 -48.995 -70.848 -56.134 -59.026 -48.033 -45.713 -40.624 -43.167 -40.201 -34.922 -30.603 -29.202 -34.817 -43.162 -48.324 -33.776 -20.411 -17.244 -21.204 -29.008 -25.652 -32.302 -28.083 -43.615 -43.21 -39.761 -38.778 -36.803 -34.09 -32.452 -36.405 -28.438 -17.54 -19.787 -16.478 -12.446 -6.8549 -22.659 -22.055 -21.687 -28.512 0.45895 -2.4111 -4.0809 -2.6173 -0.073115 0.88204 -7.2663 -7.2396 2.1211 -3.0575 5.1889 -7.9002 -7.0439 5.1837 12.003 6.2473 8.7192 14.206 25.028 32.759 43.811 37.777 64.593 72.575 95.339 97.348
-66.166 -44.286 -43.246 -56.579 -61.932 -55.102 -38.83 -54.017 -36.82 -45.738 -39.525 -43.536 -35.288 -28.287 -29.036 -22.502 -29.475 -32.6 -31.461 -17.505 -16.981 -21.457 -28.152 -15.175 -29.779 -30.261 -40.725 -36.434 -48.905 -41.683 -31.913 -39.195 -44.485 -28.865 -37.952 -21.888 -32.05 -22.582 -14.898 -14.561 -15.601 -17.804 -19.68 -17.637 -23.338 -10.482 -5.1779 -16.446 -11.462 -6.1826 0.67558 3.7081 -1.9839 -4.8263 1.2425 -5.0811 0.81463 -1.0364 -2.9169 3.4159 13.324 21.734 17.618 19.728 19.195 23.213 29.615 33.123 51.623 61.737
-88.668 -65.854 -31.236 -33.102 -62.801 -89.785 -54.657 -59.92 -53.68 -45.256 -49.798 -46.693 -41.899 -39.174 -34.243 -21.421 -24.313 -27.387 -25.733 -28.489 -28.918 -25.543 -26.205 -31.388 -21.692 -29.585 -29.949 -31.269 -22.682 -38.553 -39.129 -27.241 -32.764 -22.317 -36.121 -32.881 -42.964 -23.411 -13.458 -6.2345 -10.242 -12.082 -17.331 -19.006 -13.285 -15.506 -9.5297 6.3966 -10.404 -9.9619 -9.5468 3.4606 -0.081075 -4.3622 -0.095903 -0.81668 9.7258 11.578 1.2325 -4.3222 -8.5682 4.1143 11.362 18.236 24.14 25.68 27 24.353 24.205 34.881
-71.503 -35.884 -46.966 -46.271 -35.483 -72.311 -60.29 -51.172 -50.211 -55.879 -58.994 -50.818 -42.403 -42.328 -37.978 -29.769 -31.615 -23.68 -17.487 -21.13 -21.326 -20.362 -22.792 -26.639 -26.268 -33.322 -28.991 -29.512 -33.018 -43.896 -25.409 -30.315 -28.301 -24.645 -20.008 -43.869 -25.538 -15.396 -4.6817 -1.2287 -3.6346 -5.3672 -8.0636 -7.2572 -7.8382 -14.737 -17.17 -6.6663 -11.084 -16.751 -19.746 -16.726 -6.3315 -28.045 -10.24 1.2306 1.9054 7.1615 14.032 11.845 -1.3431 1.1412 3.0749 12.991 18.996 25.388 30.287 36.186 22.398 19.022
-99.45 -52.62 -51.602 -74.753 -80.991 -65.584 -48.13 -59.584 -79.538 -62.706 -52.957 -57.183 -45.341 -46.417 -40.928 -36.621 -32.163 -35.852 -35.355 -27.182 -29.922 -26.974 -25.354 -23.562 -26.698 -31.064 -37.154 -26.578 -23.584 -31.171 -21.71 -36.429 -22.964 -23.836 -13.752 -24.4 -16.941 -11.255 -3.5951 1.3189 -0.84007 -6.6576 -8.7835 -2.8271 -9.3253 -9.8473 -11.301 -15.077 -14.967 -4.8128 -20.813 -21.277 -16.738 -17.73 -11.541 -5.1636 0.74097 5.757 8.5349 4.6118 1.6585 -4.4745 -0.75344 4.2131 10.968 19.339 23.906 21.799 35.578 20.471
-115.81 -101.56 -53.488 -79.311 -58.749 -54.402 -58.721 -65.483 -65.837 -59.706 -50.849 -46.353 -42.567 -52.829 -45.611 -45.037 -42.015 -36.771 -39.237 -35.146 -36.951 -25.885 -26.519 -25.452 -23.983 -28.06 -30.067 -31.881 -31.412 -20.331 -19.849 -30.075 -22.461 -22.516 -35.69 -28.261 -17.835 -28.404 -6.1195 -4.2068 -8.0645 -13.625 -10.625 -8.7483 -10.522 -16.408 -17.702 -18.365 -0.22331 -16.17 -26.372 -19.697 -19.405 -12.219 -17.192 -11.069 0.55751 -1.7157 -3.6842 -0.34796 -10.891 -16.392 2.8455 2.9481 3.9698 4.7724 11.543 -0.37794 11.714 20.364
-80.419 -74.628 -64.838 -102.41 -55.987 -74.213 -71.223 -65.547 -69.786 -63.523 -51.986 -51.361 -44.737 -54.678 -47.14 -46.846 -45.224 -23.215 -47.169 -38.105 -34.989 -34.487 -39.804 -25.813 -35.846 -15.377 -25.737 -26.638 -25.507 -22.861 -26.14 -27.459 -28.832 -20.981 -30.504 -24.957 -20.712 -21.484 -19.342 -15.111 -15.756 -16.526 -14.048 -11.227 -14.743 -17.196 -14.961 -23.357 -15.889 -23.981 -16.359 -14.745 -4.297 -11.545 -17.52 -16.11 -6.9008 -1.5816 -8.7384 -0.62486 9.2106 3.9065 21.829 17.299 13.306 2.5288 14.335 12.421 9.511 24.69
-103.67 -75.047 -67.398 -104.41 -64.393 -79.684 -68.009 -64.892 -50.646 -52.244 -62.635 -58.982 -40.198 -38.68 -43.23 -51.314 -57.788 -41.604 -41.329 -37.393 -33.078 -37.261 -44.941 -33.721 -30.398 -29.275 -31.166 -17.589 -21.618 -23.242 -26.773 -34.554 -28.817 -29.989 -23.445 -34.78 -31.513 -34.954 -22.336 -18.594 -16.325 -17.064 -23.273 -18.675 -31.749 -20.217 -43.694 -12.327 -26.142 -11.664 -21.314 -12.538 -19.197 -2.6744 -5.6712 -23.488 -22.505 -14.127 -16.293 -9.1931 -37.577 -27.396 6.6715 2.9207 14.58 14.978 15.48 15.585 14.437 27.711
