convert/nanhai_surfer.grd
DSAA
75 100
105.0083 120.0083
5.002 24.9926
-128.49224769691 328.43061231896
[rows 0 to 30 of 100, columns 0 to 69 of 75]
6.3598 2.925 3.0325 1.0201 2.2787 15.353 21.399 22.457 17.133 11.599 2.727 15.946 24.779 30.387 41.689 36.527 35.55 25.837 23.473 20.279 21.176 22.373 14.558 8.7097 3.2433 16.249 20.56 19.132 21.734 18.691 21.967 24.07 26.682 32.133 28.463 26.711 34.558 31.248 36.323 35.48 45.913 48.813 73.205 58.064 53.118 44.549 34.093 31.503 34.299 14.456 -39.901 8.1184 -14.282 -33.759 -20.791 -33.689 -15 -3.8606 11.609 3.131 20.466 33.546 45.405 53.651 57.41 59.504 63.283 55.318 46.262 44.028
2.589 3.3229 2.8796 5.1713 13.463 17.609 28.664 14.722 7.403 9.3212 7.6408 4.7043 4.0811 23.985 37.927 11.287 19.719 33.898 28.476 22.175 16.307 14.842 18.382 10.162 11.039 20.988 33.276 38.627 30.526 28.613 28.689 33.622 29.809 39.949 35.408 39.676 46.487 44.165 46.711 53.773 77.645 78.168 101.56 105.23 65.663 66.09 56.245 47.368 35.712 32.966 7.6316 11.871 -13.653 12.778 3.6281 -19.812 -13.594 5.9485 -8.5101 19.123 16.308 -3.0415 -25.382 -5.9783 9.5085 35.817 53.309 71.065 60.898 20.667
0.4493 2.0943 5.5984 3.699 17.689 13.796 19.004 13.344 1.5203 8.763 3.3653 3.2829 5.5452 34.406 28.34 0.92993 17.658 31.435 20.191 21.651 16.417 14.141 16.112 17.964 23.097 35.173 41.687 42.098 32.917 34.76 40.919 38.563 44.986 48.189 47.244 49.698 49.178 38.839 56.528 89.716 95.06 102.54 119.18 112.68 105.58 89.394 63.978 59.575 44.94 35.43 4.6271 9.8405 -0.57723 15.769 35.419 -13.766 -6.9442 -2.5186 25.275 23.055 37.811 13.547 -5.4059 -8.3797 -16.523 -13.446 30.409 53.99 56.705 43.725
-2.1223 -0.54867 8.9573 13.664 13.575 16.135 26.516 17.742 14.787 -1.8034 1.1682 14.584 20.52 53.559 46.049 22.254 36.083 22.626 17.769 14.955 19.02 16.062 18.833 24.441 32.89 42.188 42.926 38.326 43.612 51.504 50.643 60.014 51.217 67.923 61.499 59.462 55.622 41.901 77.149 107.9 113.99 129.1 153.14 147.36 126.99 106.58 67.357 74.529 58.636 39.586 12.512 4.3949 -1.4316 1.1205 13.964 33.105 -7.1967 25.158 15.027 60.367 65.877 31.562 1.7318 -8.2588 -19.146 -16.87 37.383 43.76 54.549 72.076
1.1639 1.3943 0.53276 11.185 21.292 7.8397 16.073 20.469 14.273 9.3132 7.7096 21.343 14.296 29.792 21.862 42.372 37.849 34.723 15.819 17.61 22.411 19.425 20.962 25.033 39.659 41.082 45.321 62.606 67.747 71.041 76.532 79.151 76.493 92.119 69.212 83.739 70.188 68.775 83.119 111.73 115.83 136.63 155.98 164.15 153.44 127.54 116.78 99.35 74.432 55.168 40.316 20.054 8.324 5.8379 26.981 27.17 24.687 19.712 16.843 34.051 70.339 44.593 13.891 -4.5761 -7.0135 -7.0914 20.654 53.484 60.436 78.864
-2.3175 1.9559 11.223 25.373 28.888 17.138 16.202 24.613 17.304 5.7202 15.252 15.062 10.007 21.883 26.433 15.637 47.875 29.214 23.427 16.384 19.988 21.893 19.145 30.346 45.692 58.868 75.555 76.679 87.042 86.672 91.516 108.5 93.928 104.89 103.92 103.37 90.673 78.763 93.159 96.644 91.616 135.95 137.9 141.94 140.19 126.21 130.97 123.95 92.399 82.713 51.887 29.996 18.875 13.434 30.588 41.785 24.988 87.809 17.344 40.711 69.303 55.293 30.195 -5.6207 -19.706 21.136 41.802 44.102 59.529 70.028
2.3892 5.0571 13.012 20.961 31.655 20.458 33.308 28.029 8.1083 0.70089 3.3995 16.321 5.2985 30.126 32.995 32.526 9.171 16.935 24.54 18.097 19.465 23.781 31.925 36.39 80.665 72.244 96.079 105.56 101.6 99.518 103.2 136.27 106.19 118.49 121.09 111.15 102.86 106.49 105.54 123.74 119.2 130.56 134.43 136.55 135.46 105.57 155.36 151.36 134.73 108.01 76.256 53.399 30.03 23.329 24.098 23.28 31.975 42.949 34.044 46.375 63.512 64.679 36.85 14.995 -0.32553 38.249 52.13 59.699 66.851 93.542
4.2804 12.897 12.413 6.8267 24.444 32.791 23.247 20.895 6.7209 14.965 3.7876 10.655 3.9137 28.539 22.472 39.104 32.174 25.441 12.389 25.107 25.6 29.66 33.333 54.171 82.4 95.082 109.78 113.56 106.66 112.47 107.4 111.84 121.91 127.73 129.31 119.6 110.95 115.03 109.19 117.71 118.76 125.3 129.03 137.69 133.48 136.71 148.67 153.01 141.28 124.68 105.22 64.633 54.011 35.709 35.281 23.471 41.132 53.408 24.356 74.243 57.961 68.027 48.057 11.691 19.375 31.02 52.783 63.606 84.184 84.929
2.5904 15.753 9.7119 14.719 34.687 20.472 17.082 18.352 9.3271 7.6347 10.006 10.326 14.938 17.973 27.63 27.18 22.902 24.574 16.861 19.284 29.292 37.014 51.391 65.862 82.534 111.26 126.89 121.53 117.27 114.86 112.33 122.44 136.91 141.11 141.32 134.42 123.12 104.71 117.83 134 122.75 118.69 127.05 143.87 148.31 144.64 142.33 125.03 125.03 112.2 104.56 84.252 74.078 73.043 59.526 35.471 32.551 32.418 43.669 45.502 68.771 69.821 28.061 27 16.599 34.316 47.561 75.353 118.55 159.07
6.6438 10.487 5.0055 -1.76 26.153 20.75 17.673 20.532 1.6597 17.462 15.168 16.955 26.725 11.776 17.914 11.905 20.342 16.653 22.266 25.017 31.18 39.889 60.24 79.191 90.059 114.65 128.1 129.47 125.81 116.34 118.21 120.74 134.54 125.57 133.33 157.7 141.49 143.52 140.68 140.79 141.93 133.14 132.93 131.35 140.66 149.25 145.88 142.68 132.65 112.56 111.75 97.444 94.271 98.62 81.091 58.853 29.277 33.289 46.301 60.945 76.118 60.31 50.473 35.417 16.974 31.06 51.262 72.008 149.19 185.46
-6.0179 8.874 12.085 11.932 25.4 24.892 10.629 20.699 3.4831 11.18 7.3837 12.684 9.2322 14.696 13.638 11.958 4.2282 19.539 18.308 21.523 25.006 43.944 57.792 69.841 85.778 108.98 116.11 118.11 125.85 121.52 114.68 123.34 135.06 141.83 142.96 93.741 141.39 146.03 133.74 141.71 138.81 140 138.61 135.25 139.51 154.62 181.37 149.69 142.54 138.65 130.93 93.981 109.39 96.935 93.896 71.507 32.939 18.002 42.749 77.696 84.613 69.963 52.916 39.726 20.661 32.617 69.654 104.48 172.02 204.73
6.9911 10.849 6.1471 12.339 13.624 10.378 10.251 4.6886 1.5697 15.795 16.953 4.3603 5.2007 5.1654 3.3269 9.4718 7.3217 19.36 22.146 27.45 30.343 46.388 38.634 40.622 79.757 100.32 115.22 96.72 122.39 129.72 127.59 127.7 129.77 142.28 136.26 137.29 150.31 143.25 142.33 133.91 139.25 144.47 149.1 135.66 136.3 146.26 155.22 154.24 150.95 176.16 137.06 114.47 109.42 95.018 71.559 51.364 31.043 18.656 30.236 47.743 78.738 76.967 62.989 39.42 27.579 38.137 67.803 107.06 184.09 212.6
21.432 7.6579 8.6871 1.3379 -2.3636 7.2698 10.978 10.281 14.686 2.4438 17.699 7.4988 8.1469 5.4945 4.9883 2.58 8.993 16.477 16.719 21.062 30.696 38.642 31.451 25.723 65.647 76.549 102.2 119.6 121.45 136.35 137.4 135.5 113.2 124.73 125.54 133.3 145.42 137.11 149.38 121.65 135.38 148.09 137.37 98.987 106.13 116.44 126.43 160.13 183.94 160.7 159.33 167.77 114.79 114.93 84.462 56.705 29.199 18.544 16.01 22.43 59.198 80.678 70.134 41.157 29.578 28.483 70.439 119.49 160.35 222.44
9.2594 5.1351 9.9597 9.3592 -6.6394 8.4055 6.9962 5.5076 8.7376 6.3435 6.2322 5.4535 -2.871 -4.4975 -5.3175 -2.6875 5.7971 14.031 15.144 27.205 33.703 34.324 44.242 42.962 49.024 29.845 62.409 96.906 122.88 144.23 150.84 148.05 130.27 104 108.15 132.46 134.43 134.05 154.42 139.52 139.26 128.65 123.26 96.648 101.62 106.97 130.79 130.63 108.07 154.71 169.34 167.58 165.38 137.59 105 84.147 53.296 26.086 10.873 12.529 55.079 102.71 81.037 41.214 32.247 10.722 30.749 94.655 178.08 185.17
-4.0022 9.5408 9.4366 12.082 1.6507 -0.63379 6.1534 7.7206 8.6942 7.8521 14.854 -4.3648 -3.749 -7.0784 -3.5218 -5.4763 1.7464 12.777 15.832 30.775 31.868 34.952 41.128 47.65 56.928 42.115 37.117 42.483 102.57 142.15 154.85 142.21 108.35 98.573 127.61 131.31 143.96 147.62 141.2 112.96 141.24 154.55 108.64 114.6 101.83 88.612 130.28 131.59 141.59 139.45 174.41 176.35 177.8 170.15 130.36 103.48 76.413 26.532 18.499 41.734 59.49 87.054 81.616 63.532 34.181 15.312 18.955 43.089 145.93 210.77
7.9154 10.712 5.6618 4.1474 0.19763 -3.3814 -0.34407 16.168 13.198 11.301 9.4023 13.654 -5.6481 1.9682 -1.5972 -11.976 -2.9892 5.7122 14.348 35.311 43.661 38.148 53.742 38.173 40.43 43.822 54.44 50.754 87.839 132.84 145.43 137.41 123.68 97.32 105.33 123.4 139.82 143.63 152.91 140.93 72.298 113.29 120.04 121.39 61.418 118.99 110.32 71.256 125.67 139.93 163.61 80.337 181.66 174.61 162.96 143.27 89.566 46.211 27.593 44.825 56.679 81.034 92.664 82.3 52.4 10.986 11.459 45.3 115.37 158.19
6.5768 9.7819 -7.4107 -14.368 -5.3214 -5.9113 -6.2926 1.2464 17.201 20.458 9.7448 21.075 -7.2511 18.251 12.475 16.62 5.1746 6.0272 19.566 32.841 46.051 50.783 61.875 58.183 59.306 64.157 63.032 62.688 73.092 102.62 132.94 132.88 118.05 107.14 70.522 109.44 131.84 136.77 147.15 144.81 131.25 99.184 123.5 130.63 124.28 124.76 105.59 121.13 67.952 134.01 153.97 150.21 179.44 167.92 190.53 151.54 107.24 67.122 42.803 25.543 29.665 63.016 89.737 106.6 70.443 39.5 23.036 45.348 77.568 160.1
-5.3576 3.0038 9.1216 -2.3424 -2.7187 2.436 -1.8118 -11.398 11.661 19.682 12.775 19.325 4.2603 1.9615 29.858 21.579 6.6801 4.366 21.051 35.58 48.959 60.31 66.73 68.504 65.116 68.542 99.222 71.609 89.843 108.02 107.55 140.22 119.58 118.82 112.49 138.92 118.75 146.89 137.19 147.28 143.42 150.48 146.23 132.24 137.2 146.86 97.147 141.81 134.66 145.64 103.51 113.6 180.14 173.03 138.61 142.49 158.14 99.923 51.231 29.751 35.44 35.091 61.928 101.67 79.494 50.838 47.561 62.686 90.3 133.67
-3.7642 4.613 7.6424 5.978 -6.3998 -4.559 -5.0374 -14.19 4.513 30.4 12.994 18.786 17.76 23.761 11.554 17.447 19.838 1.9077 21.86 34.988 49.71 69.818 67.821 103.95 80.962 79.182 100.18 106 109.6 112.33 131.7 118.67 110.89 105.16 78.295 117.96 126.27 129.44 147.42 154.62 159.77 157.62 151.04 120.41 124.21 146.91 120.6 132.88 116.08 167.38 159 149.07 151.05 119.71 144.3 141.43 140.47 135.53 83.445 43.551 39.138 30.897 70.493 82.191 106.16 72.387 86.605 93.246 96.719 107.27
-2.3916 2.2454 6.1372 -2.5858 -19.528 -9.4027 -4.246 -20.221 -6.677 13.13 16.972 8.6098 23.634 24.11 16.726 23.157 3.6673 8.7253 17.399 31.724 42.925 70.364 82.49 100.08 104.81 138.51 118.01 134.59 135.09 127.18 130.26 122.85 122.09 106.11 106.18 99.046 91.462 71.246 91.073 157.05 160.83 146.21 141.81 127.49 71.271 32.008 84.765 115.67 144.01 159.22 173.17 145.92 139.1 130.16 136.31 129.99 136.36 130.26 120.28 67.425 46.564 48.536 60.622 96.546 91.165 123.55 134.32 128.29 115.84 109.57
-10.824 -2.2908 0.49767 -7.1367 -7.0862 -11.871 -2.8683 -8.199 -8.1859 0.74383 0.71526 4.6959 15.182 21.518 12.039 22.917 19.995 7.5844 9.2403 31.63 48.874 32.111 90.46 108.51 117.99 143.31 150.9 163.86 164.25 153.8 142.03 124.89 123.81 120.01 124.54 120.91 128.86 128.82 149.29 163.75 166.26 120.88 114.46 40.649 85.762 102.31 141.37 154.62 146.58 161.87 158.07 149 133.05 126.47 129 123.93 123.39 119.29 90.99 107.69 55.52 54.075 61.194 76.433 98.07 84.588 151.43 136.66 141.94 123.14
-11.806 -5.3217 0.33825 5.4376 5.7017 4.8463 0.80616 -2.1364 -4.8986 3.4731 -0.4097 2.9816 -0.65338 4.3726 21.221 28.809 30.344 24.792 6.6827 23.363 50.812 78.354 96.494 100.71 127.19 147.36 173.48 183.9 182.34 186.42 154.18 147.39 80.843 129.32 141.13 146.06 131.44 117.77 127.18 160.44 168.15 153.03 115.96 82.736 121.08 158.95 159.62 143.96 174.02 171.55 156.65 146.21 128.73 125.01 135.76 123.97 122.12 114.52 131.69 129.54 113.72 75.888 52.113 42.963 57.326 88.206 83.78 184.47 120.31 124.24
-8.8642 -9.0916 -11.104 -1.2901 -0.11307 3.8631 -0.34308 -20.954 -12.704 -14.24 -3.3495 -6.867 -1.4756 -5.5148 -14.074 5.0445 22.32 19.849 10.89 9.0094 43.166 72.87 102.63 108.17 119.25 143.99 174.73 199.98 192.32 188.84 197.36 178.65 149.48 133.41 150.99 145.99 104.08 127.53 150.67 155.73 165.38 183.52 170.33 171.04 164.61 177.19 174.99 199.68 198.08 160.26 156.29 157.85 128.17 137.93 136.17 137.94 147.83 134.96 131 96.981 123.35 116.93 84.742 58.087 40.594 58.5 73.828 77.625 95.723 113.58
-7.1945 -10.835 -12.121 -1.7492 -1.3718 1.3121 -7.4503 -18.538 -4.9394 -13.283 -10.789 -8.437 -10.898 -7.654 -5.9073 -18.904 -9.5136 10.234 19.187 12.007 29.846 34.928 78.154 97.467 119.34 143.31 160.18 190.84 210.07 213.18 222.39 201.99 177.21 158.31 159.67 164.16 136.53 141.3 143.6 92.138 121.92 156.71 174.86 178.42 160.21 158.23 146.05 181.2 193.61 159.7 147.09 139.38 154.08 153.45 143.58 139.59 147.47 120.11 137.01 134.87 136.61 130.46 103.06 63.048 59.715 49.207 92.702 92.831 72.403 122.48
0.26378 -4.0913 -5.5313 -4.0939 -4.9438 -2.2453 1.567 -10.477 -16.031 -13.97 -7.7608 -3.7644 -7.9024 -3.9206 0.8165 -7.2702 -19.97 -10.758 16.213 12.023 24.757 41.297 60.876 67.451 102.39 105.66 142.53 178.27 202.6 214.26 219.93 237.33 254.15 208 187.57 182.9 169.31 153.41 141.01 155.34 182.9 162.95 167.29 160.75 160.31 144.93 114.22 55.787 159.66 191.8 150.47 166.52 139.53 194.76 140.4 158.54 116.74 116.77 125.59 114.37 133.8 132.8 104.79 87.171 55.792 52.746 57.63 94.706 66.265 114.9
3.99 -7.0886 -5.3938 -3.8714 3.7261 0.40608 0.99919 -10.076 -19.087 -2.001 -5.4009 9.2367 -1.2066 6.8768 -1.7719 -10.001 -13.868 -7.8099 5.6547 7.4326 21.35 27.131 41.67 59.753 87.944 94.102 127.42 144.2 184.67 214.33 234.45 239.76 266.64 254.69 214.8 191.62 168.79 172.26 158.1 164.58 178.78 166.09 190.69 177.93 153.74 108.59 126.26 127.43 99.724 143.04 158.18 135.85 152.01 149.94 143.37 131.87 138.23 117.9 101.99 112.34 110.85 140.38 121.87 96.957 31.112 47.883 52.026 84.253 65.136 67.444
-8.8279 -17.112 -7.9834 -6.9173 -0.059707 0.66231 1.8418 1.5312 -5.6195 -6.4548 -20.892 -10.347 -8.2979 4.4165 5.7037 -5.8047 -10.332 -12.462 -5.4405 8.2302 19.139 28.438 53.04 53.455 67.714 102.35 116.29 135.61 113.16 202.09 231.27 249.79 258.58 270.77 263.15 249.58 230.54 163.98 178.09 183.68 170.22 201.59 152.06 99.681 118.06 140.6 115.36 95.53 138.99 153.99 120.11 92.408 130.98 125.07 145.61 129 142.81 106.68 99.721 103.78 109.35 99.894 100.42 101.72 85.635 42.365 57.686 61.113 39.959 77.81
-16.707 -20.745 -4.4987 -6.223 -4.9312 1.7993 3.9304 1.9314 -5.9789 -13.059 -12.495 -17.44 -22.419 -9.5727 -17.767 -4.0373 -4.4564 -5.7365 -2.9192 6.8441 6.7141 42.551 39.045 37.323 61.685 94.219 110.98 125 124.86 170.59 236.76 252.29 254.83 288.13 297.31 278.19 273.26 225.84 209.97 186.15 217 185.18 131.8 157.3 148.92 154.9 145.32 102.97 117.94 156.76 96.773 151.8 159.26 113.95 134.56 130.06 117.87 88.163 74.203 89.81 92.948 105.23 104.22 102.81 99.773 76.646 60.539 58.548 42.496 44.465
-29.556 -22.328 -8.6864 -10.181 -4.3188 -1.2642 2.0703 1.0842 -2.1524 -9.3745 -7.8548 -4.8582 -11.335 -22.162 -30.689 -16.399 -6.1061 -8.6997 -15.701 5.8655 7.5637 11.301 34.316 39.737 44.735 74.506 101.56 127.93 139.58 137.81 160.25 250.85 261.82 261.38 294.67 291 295.7 273.4 222.63 220.54 243.36 240.23 225.24 220.31 182.85 169.01 99.521 118.6 153.09 163.3 173.25 187.25 172.75 167.05 149.59 83.659 104.11 88.433 71.638 75.677 64.606 61.986 105.33 104.03 102.96 87.549 72.233 62.736 49.404 51.875
-25.029 -16.38 -9.3169 -15.221 -5.2995 -3.6268 -0.7493 -2.6428 0.011381 -0.86878 -0.016526 0.39434 -9.1116 -11.167 -7.2591 -19.325 -12.973 0.12371 3.551 13.675 15.696 19.207 26.855 31.316 29.083 62.275 93.945 115.72 125.41 153.07 200.52 238.02 272.38 265.18 246.89 271.25 307.76 291.71 284.7 272.39 268.57 278.64 266.89 261.59 193.2 58.989 152.6 98.793 160.61 77.983 167.48 175.49 170.05 177.47 152.16 115.16 87.203 60.879 53.996 66.973 64.166 52.785 96.33 80.752 103.56 94.165 71.775 59.879 48.818 63.35
-21.267 -15.961 -9.5323 -15.888 -7.9817 -4.1299 -3.5818 -2.3788 3.369 3.7816 -0.28838 -5.7868 -16.761 -14.87 3.3002 -7.5503 -15.78 -22.648 -10.373 6.2995 15.09 19.829 17.735 20.056 25.468 54.666 102.85 115.16 137.82 164.18 209.25 234.87 263.16 281.67 298.28 266.96 289.26 299.83 298.64 302.69 293.1 298.62 296.79 280.88 245.48 117.72 84.112 135.22 107.34 159.87 172.83 160.54 184.71 167.85 156.31 113.02 93.616 69.361 65.32 61.014 63.273 81.143 120.32 107.74 117.85 105.26 90.708 72.885 52.746 61.561
