convert/nanhai_surfer.grd
DSAA
75 100
105.0083 120.0083
5.002 24.9926
-128.49224769691 328.43061231896
[rows 31 to 61 of 100, columns 0 to 69 of 75]
-10.671 -7.9036 -4.1232 -6.3234 -3.7125 -1.6998 -4.0692 -8.1044 -5.0799 -2.2614 4.3503 -4.3629 -18.016 -7.849 15.681 -3.3145 -21.432 -25.537 -7.9824 -26.406 8.1267 19.989 26.058 25.125 42.534 71.599 97.487 122.13 149.42 164.06 178.73 202.48 207.53 260.49 297.66 284.93 273.02 286.1 307.45 296.38 295.06 309.87 304.78 300.45 289.19 224.02 187.37 172.71 129.09 164.7 184.24 183.38 205.04 179.91 150.13 118.46 83.849 82.825 70.854 69.109 57.472 79.768 91.862 138.16 121.21 124.95 108.19 83.658 71.376 56.145
-5.946 -4.435 -4.0898 -7.1744 -3.6452 -3.6004 -5.8765 -8.5866 -5.1651 0.98202 4.4551 1.867 -26.968 -43.187 -9.5756 -7.7894 -11.486 -11.614 16.174 -9.8815 -16.417 17.053 25.737 29.721 33.127 78.969 78.611 145.61 161.03 167.95 181.63 186.2 231.58 265.83 284.42 292.54 277.62 277.14 308.93 306.21 319.31 311.87 304.64 313.89 298.52 259.95 151.45 160.69 110.65 176.51 177.74 192.69 204.46 229.68 178.09 132.68 95.881 90.225 74.275 74.681 68.304 86.089 163.42 132.46 98.527 140.78 107.59 89.899 69.948 49.48
-0.95705 -0.91657 -1.4366 -3.1962 -1.3667 -12.055 -17.678 -10.281 -0.39009 -3.5855 2.3271 -5.0163 -12.554 -8.0083 -17.501 -24.683 -20.716 -8.2011 -39.458 -31.462 -12.568 -1.6913 12.363 22.914 68.861 80.488 138.18 163.02 167.88 177.84 188.56 234.04 214.4 263.77 286.06 298.22 294.99 270.76 293.12 316.25 309.68 306.64 307.07 310.66 295.06 275.54 197.74 207.22 198.5 206.94 212.68 237.4 276.61 271.96 245.23 185.76 125.36 99.816 86.493 80.384 80.392 89.706 159.37 170.15 140.36 135.56 114.45 97.773 86.882 49.41
-2.7017 -4.5072 -5.1801 1.9548 -0.22809 -7.6362 -17.479 -18.667 -4.9876 -6.8366 -0.18481 -10.092 -14.403 -24.395 -22.639 -25.707 -16.639 14.439 -21.634 -18.869 -13.575 -13.314 17.968 36.3 77.884 124.23 151.12 160.6 169.72 165.57 173.62 201.41 219.24 265.33 284.7 300.66 299.27 287.18 264.56 283.13 291.22 297.31 304.74 306.03 309.53 304.23 297.66 302.43 285.74 251.1 288.93 301.98 300.33 293.86 240.15 187.28 150.79 155.37 104.63 116.01 120.55 149.79 208.34 208.91 189.75 156.37 123.27 111.95 89.431 74.865
-8.7828 -8.7345 -7.5701 -4.8768 -9.6538 -11.831 -12.064 -18.87 -24.848 -43.163 -25.009 -5.9981 -5.3482 -18.922 -17.706 -28.792 -21.459 16.765 2.7201 3.6868 -6.2417 -20.194 20.075 43.67 91.992 140.14 139.8 139.53 139.51 164.61 183.61 205.03 234.7 236.41 287.89 295.96 295.55 312.49 288.93 290.06 269.01 274.72 310.42 309.42 311.27 306.85 310.9 310.18 305.39 306 309.41 314.43 316.67 302.15 280.44 183.61 195.54 150.12 168.6 175.25 197.31 224.6 232.34 228.38 219.22 188.77 150.38 132.01 112.85 84.338
-14.693 -10.818 -6.8542 -8.4899 -13.251 -14.451 -10.884 -12.106 -23.473 -49.134 -45.098 -11.928 -3.6836 -14.656 -15.842 -28.332 -54.643 -40.053 6.0273 -30.195 -12.315 -16.935 24.38 35.321 90.648 134.07 144.08 140.79 141.57 149.38 167.96 157.93 187.14 239.05 291.78 293.54 294.91 301.6 300.72 308.09 295.61 288.03 273.93 302.81 312.6 309.48 307.55 313.05 309.32 323.11 319.1 318.82 323.08 312.05 280.77 267.15 263.47 256.07 247.8 242.84 248.83 261.16 265.79 263.4 251.71 213.39 175.85 145.1 132.04 106.57
-12.599 -7.0661 -4.0703 -9.312 -12.869 -15.108 -9.9861 -15.538 -11.922 -9.8234 -27.203 -18.797 -20.617 -24.478 -35.015 -34.251 -43.505 -10.108 -3.8369 -11.919 -0.80382 -12.695 18.624 31.704 78.5 139.01 150.65 154.5 145.28 150.67 159.3 166.92 179.7 243.69 275.98 288.33 297.71 299.73 296.9 311.08 306.12 310.66 292.54 262.02 302.28 318.02 313.45 322.59 296.05 318.45 316.92 312.64 318.47 315.19 318.18 269.35 276.13 267.86 257.4 264.06 270.2 275.45 275.43 270.04 258.47 226.79 197.62 178.74 168.45 138.93
-18.041 -10.925 -8.9976 -12.408 -16.043 -14.531 -8.0202 -11.142 -12.351 -3.2792 -23.012 -24.546 -19.765 -15.1 -22.566 -28.219 -25.857 -27.655 -10.458 -17.918 26.592 -15.58 -0.21211 35.57 84.195 129.65 160.48 170.7 165.83 164.17 160.15 155.21 166.88 182.56 254.4 267.96 290.14 293.04 284.18 299.19 304.62 305.58 295.02 301.04 285.51 305.78 316.49 314.79 314.63 315.39 309.45 319.06 314.35 308.06 282.12 294.07 288.58 259.69 273.71 282.8 285.71 283.96 277.5 268.15 259.53 237.55 195.81 185.12 164.9 230.64
-12.269 -11.917 -13.353 -8.5369 -13.564 -17.555 -13.941 -5.2815 -16.567 -16.15 -21.142 -25.433 -19.353 -19.038 -15.957 -16.804 -18.067 -19.713 -17.47 7.6735 -8.9402 6.9178 5.7814 19.683 88.709 141.29 172.32 180.51 174.08 176.85 172.53 178.38 156.3 168.87 206.96 243.04 264.78 278.88 280.81 297.99 294.19 297.81 303.57 300.8 287.63 280.66 304.33 323.18 309.23 301.78 312.01 312.93 300.15 309.86 304.02 296.9 310.86 234.81 285.95 290.23 294.77 289.78 284.63 269.21 261.37 214.94 238.51 218.24 209.09 204.99
-11.561 -13.971 -13.04 -10.883 -11.175 -13.093 -11.59 -4.7365 -9.4797 -15.909 -14.457 -18.662 -13.841 -16.175 -15.136 -13.618 -6.6425 18.853 -15.994 -11.881 -8.8506 -8.5711 -3.4807 26.956 100.15 132.87 163.22 170.68 177.11 175.16 157.5 156.17 177.8 179.24 190.53 214.8 222.8 239.17 230.16 249.04 284.97 300.04 306.57 302.62 298.1 283.87 280.46 289.74 296.36 306.81 309.09 301.49 303.06 310.94 311.13 306.29 304.33 299.28 302.2 299.42 293.26 291.3 290.27 273.63 268.93 263.09 241.14 229.5 238.87 220.92
-17.154 -12.547 -7.6534 -12.2 -10.014 -9.3686 -6.5818 -6.454 -2.7244 -12.754 -12.037 -19.281 -23.622 -16.977 -19.935 -21.102 -22.704 2.6292 -18.294 -10.268 4.3952 0.53805 9.2778 34.004 99.001 131.2 153.35 161.54 165.37 170.35 172.45 177.85 181.72 174.21 172.59 167 179.66 167.52 197.31 200.28 245.28 291.07 301.05 302.94 302.22 309.75 313.89 293.68 283.6 272.64 287.44 294.94 312.38 314.61 311.02 306.54 306.24 303.84 308.41 305.07 301.21 301.16 289.94 278.19 271.71 266.19 257.11 217.66 235.79 238.57
-19.23 -11.806 0.37014 -11.796 -5.7421 -2.428 -4.624 -8.6254 -5.5825 -7.328 -9.003 -17.227 -22.822 -10.267 -23.488 -25.847 -25.448 -19.563 12.047 4.165 -2.4897 -4.8878 -3.2714 37.752 106.29 119.22 129.6 138.49 158.16 168.06 181.63 189 188.56 183.51 179.45 144.53 147.48 171.73 183.91 189.39 231.2 293.62 299.2 297.32 299.84 301.53 289.09 292.41 304.55 259.28 277.63 293.07 302.35 291.41 311.23 299.5 310.05 311.33 311.01 308.97 304.32 301.11 297.21 284.96 285.5 257.89 253.92 254.96 260.25 248.32
-9.5803 -14.86 -4.4511 -4.962 -4.7291 0.31592 0.20942 -0.96744 -3.5237 -8.1244 -7.607 -13.215 -19.902 -16.483 -19.061 -15.69 -26.522 -24.479 -4.8001 16.928 -8.6672 -16.315 -1.2407 31.077 65.66 101.97 113.78 124.76 142.51 168.7 186.43 176.05 192.32 182 158.36 166.16 125.27 182.82 139.82 183.66 208.41 285.95 300.5 299.44 297.77 298.8 306.02 302.63 302.62 286.46 254.34 230.42 293.97 288.53 289.97 305.36 300.13 308.64 309.03 304.16 299.99 298.22 296.36 294.69 295.54 294.46 286.92 260.77 265.17 255.05
-14.96 -11.342 -6.4192 -0.69969 -6.0968 -1.6631 -1.3602 -6.1978 -9.3129 -23.928 -23.236 -31.325 -26.567 -16.151 -22.815 -25.302 -20.561 -21.498 -13.913 -6.0491 -21.935 -23.425 -10.276 24.465 61.769 80.545 89.452 103.61 129.78 143.02 173.99 187.31 188.05 172.78 159.46 152.93 157.93 159.76 170.01 176.56 207.29 273.42 295.57 306.69 307.14 304.78 304.34 302.07 301.18 289.08 278.96 265.57 277.4 281.69 274.97 315.26 314.93 310.55 313.61 306.24 298.71 301.54 303.47 296.34 301.02 293.79 301.02 279.24 277.64 267.77
-16.642 -5.3236 -11.101 -3.9753 -11.575 -6.3178 -11.69 -17.193 -22.611 -30.615 -34.451 -41.925 -23.386 -21.702 -19.986 -33.9 -36.279 -11.146 -24.919 -28.632 -18.921 -25.282 -2.1133 23.719 40.632 53.748 67.619 87.043 100.47 128.96 159.14 173.12 167.43 163.27 162.34 160.7 143.28 164.75 176.33 189.2 217.35 223.15 288.08 296.74 297.75 305.55 305.31 299.23 297.11 253.11 276.21 207.88 290.39 308.2 294.76 306.64 315.06 309.71 316.98 314.35 310.15 311.82 307.3 304.17 301.29 289.56 303.86 294.63 285.3 279.84
-21.993 0.22491 -14.224 -13.827 -19.292 -16.654 -18.099 -20.834 -23.622 -13.251 -11.379 -18.67 -11.316 -13.339 -32.53 -55.688 -13.142 9.9854 -7.8778 -18.845 -7.8253 -3.7805 -0.58923 24.401 42.179 41.855 53.43 73.72 91.201 112.2 121.71 132.03 132.61 139.82 164.36 160.29 148.2 134.75 170.62 210.03 232.03 228.58 225.43 284.26 302.42 307.97 298.84 293.81 302.8 298.07 289.14 265.18 290.21 295.8 300.09 303.6 314.96 328.43 314.89 314.31 312.12 313.9 321.38 315.55 308.64 305.93 313.36 299.88 294.1 289.73
-13.67 -13.725 -3.0813 -22.401 -28.996 -14.122 -21.515 -36.77 -29.467 -32.27 -19.425 5.4093 -5.6128 -13.16 -25.564 -21.738 -18.886 15.162 -1.759 -20.964 -11.921 -18.259 -1.7666 12.211 17.642 35.374 46.31 53.287 82.583 95.869 108.97 116.36 122.59 118.62 125.43 152.46 183.16 176.03 180.95 173.23 182.53 168.89 216.42 289.58 297.22 294.67 292.82 289.91 297.94 295.61 298.55 297.05 298.26 315.64 304.21 298.26 317.41 313.2 306.2 307.3 308.69 318.29 309.99 308.73 311.45 316.52 315.08 300.81 299.57 294.67
-22.2 -23.198 -20.653 -27.659 -31.817 -33.521 -42.375 -55.662 -51.406 -50.669 -17.234 -22.044 -34.935 -34.156 -39.086 -29.878 -10.121 -5.1159 -28.693 -19.149 -12.864 -17.96 9.7323 21.721 16.499 28.559 29.658 49.027 71.385 77.831 98.282 103.59 108.33 109.97 125.36 146.71 133.25 215.68 194.65 184.57 173.9 152.86 192.17 221.05 246.49 283.97 296.35 250.08 292.51 292.97 281.66 294.86 306.9 316.58 304.87 287.97 291.32 301 321.89 306.36 305.15 315.96 314.86 309.75 309.28 304.42 302.32 301.48 307.26 293.62
-25.652 -29.442 -26.797 -21.453 -43.163 -37.836 -39.761 -58.655 -31.569 -63.024 -51.846 -47.814 -23.589 -51.693 -27.245 -15.366 -36.355 -45.151 -19.81 -26.476 -26.289 -4.3763 10.695 10.467 11.276 23.566 19.569 42.231 62.611 77.861 87.788 88.979 101.31 110.38 103.77 136.46 155.8 167.88 196.91 191.48 207 195.84 228.6 237.94 280.46 281.05 291.68 295.84 290.71 294.14 295.65 301.37 300.16 324.25 297.36 293.54 196.91 269.07 298.06 289.83 306.3 303.69 292.15 304.16 306.26 302.62 297.18 298.68 309.86 292.17
-30.069 -31.844 -28.206 -31.841 -32.636 -45.542 -12.81 -30.606 -47.567 -59.475 -26.698 -58.496 -22.645 -26.131 -24.291 -27.419 -12.885 -39.35 -25.807 -16.564 2.5187 13.988 14.963 5.8867 2.9039 9.811 28.462 41.83 63.817 58.561 68.809 81.281 90.802 95.162 96.767 119.69 115.42 168.59 190.67 227.27 216.53 245.44 243.82 243.84 271.25 273.77 269.19 280.25 273.8 296.75 291.8 309.59 308.51 297.03 295.21 292.47 262.41 216.88 283.24 290.05 180.87 296.01 239.97 156.48 251.39 294.34 298.43 298.75 285.91 299.32
-36.985 -35.645 -37.163 -36.598 -43.038 -41.157 -28.438 -35.333 -57.438 -90.812 -61.409 -27.095 -57.878 -18.846 -54.203 -68.269 -43.615 -27.336 -7.6717 -16.657 -8.5127 24.416 10.353 3.8253 -3.8793 8.3526 33.442 41.639 52.943 57.592 65.521 78.277 95.282 88.138 93.812 119.01 110.05 131.07 178.51 191.46 220.54 236.04 241.83 238.21 176.62 230.22 211.58 204.03 285.08 284.43 298.49 299.19 296.99 298.86 266.71 269.2 277.55 288.37 283.09 285.71 291.81 299.99 236.86 246.81 276.39 238.73 293.42 271.93 297.88 293.88
-43.626 -36.628 -31.886 -35.8 -51.974 -46.868 -54.254 -62.297 -82.076 -92.039 -63.279 -34.244 -27.685 -49.43 -36.787 -27.529 -23.02 -6.0771 -21.555 -16.164 4.5147 27.93 13.816 -3.7656 -3.6833 16.932 31.216 46.08 43.689 53.365 63.603 81.36 84.758 82.766 93.922 78.516 101.94 117.31 142.39 171.48 197.1 164.65 173.71 149.93 98.803 106.04 126.4 207.14 214.67 275.37 283.99 300.34 294.15 294.35 290.6 263.61 318.98 305.04 297.15 304.21 309.65 294.94 300.5 281.89 291.23 286.1 293.71 190.16 258.89 271.53
-43.22 -36.19 -35.594 -33.849 -45.951 -44.838 -54.839 -70.73 -68.686 -97.034 -62.895 -17.418 -67.355 -21.54 -2.518 1.0147 -5.5253 -17.716 -42.02 -11.582 6.0327 16.038 8.945 0.085818 4.489 12.89 30.817 39.469 45.527 51.141 62.925 83.326 75.736 84.01 84.824 96.672 103.23 102.94 141.87 156.43 168.5 165.86 146.12 129.51 70.523 68.621 89.27 109.52 135.6 233.09 281.87 291.65 292.08 290.49 292.11 287.05 292.96 291.85 292.31 297.31 290.23 289.23 290.37 285.38 303.37 305.68 292.35 291.02 231.32 252.56
-36.501 -39.17 -44.434 -47.939 -39.364 -23.006 -32.611 -51.825 -39.286 -93.536 -35.502 -12.934 -28.366 0.54535 -8.6304 -6.0324 -23.087 -27.632 -20.782 -14.901 -6.6207 3.7724 4.3864 5.6589 11.677 17.407 27.573 46.5 51.297 56.334 61.147 71.494 74.552 68.039 76.866 76.84 75.611 92.551 121.41 152.94 159.07 168.1 173.01 151.87 90.406 70.718 66.354 89.687 106.64 200.15 267.09 284.01 284.48 294.24 294.95 293.05 298.2 293.81 202.06 292.98 293.07 289.1 293.79 302.85 304 317.22 275.19 315.67 283.66 228.93
-34.34 -42.843 -45.031 -45.399 -40.34 -17.86 -16.959 -30.472 -36.208 -1.4195 -38.819 -9.3146 -49.59 -21.502 -17.036 -16.258 -26.127 -23.035 -24.999 -20.695 -4.2873 10.112 -8.8274 8.2542 22.224 30.924 37.591 43.82 65.163 47.288 65.424 72.489 67.624 49.939 66.608 76.471 79.455 72.095 60.998 117.97 142.68 150.48 173.66 159.14 59.706 72.544 74.628 77.342 94.042 121.15 252.23 283.07 287 286.62 285.03 286.75 299.7 288.01 248.3 293.08 298.94 291.7 298.11 290.54 300.23 306.6 291.84 291.31 287.69 244.71
-37.803 -45.248 -46.644 -45.444 -38.773 -30.324 -24.376 -5.3292 -15.374 -21.403 -17.621 -30.013 -33.321 -25.488 1.3742 -19.121 -25.837 -23.508 -23.033 -17.368 -7.7732 3.6198 -6.6334 18.225 30.457 39.96 52.218 56.962 66.556 61.775 65.166 51.069 44.081 49.45 58.97 51.587 52.623 66.755 80.384 89.59 108.35 143.36 164.62 166.95 142.85 141.4 111.65 82.43 91.694 172.24 214.03 266.06 278.31 270.39 285.01 270.67 277.27 280.28 270.07 286.95 294.37 295.67 293.07 299.36 302.26 289.66 302.58 290 260.53 266.67
-34.871 -42.62 -39.218 -33.367 -32.024 -27.411 -34.579 -53.108 -51.241 -27.723 -14.061 -19.136 -14.017 -10.737 -19.447 -30.677 -19.099 -20.505 -20.522 -18.684 -5.4433 4.0835 19.048 27.122 39.2 47.19 56.496 55.84 60.499 67.66 60.187 59.204 42.586 48.725 63.143 67.439 58.432 55.372 65.712 65.912 110.48 127.96 141.45 165.3 174.57 167.97 152.91 159.93 150.31 187.93 215.09 261.93 285.13 278.23 279.38 272.07 292.98 275.54 242.26 281.31 288.27 291.58 293.84 300.29 292.09 297.77 282.93 269.04 272.22 255.83
-33.37 -39.016 -35.85 -31.622 -29.64 -26.373 -48.475 -42.495 -23.206 -47.037 -18.142 -3.2982 -10.767 -19.12 -13.833 -15.436 -13.332 -20.663 -19.214 -15.58 -2.5132 8.5053 22.949 44.904 54.296 52.655 53.745 60.979 65.097 54.339 54.222 48.607 39.271 52.619 55.848 54.957 63.084 63.643 47.329 96.034 112.77 138 145.85 164.39 182.41 187.25 183.94 194.56 168.44 183.3 217.39 255.34 281.69 290.15 278.86 277.12 269.05 189.76 250.32 282.29 282.04 298.1 307.57 285.95 287.98 284.77 282.38 227.03 257.95 256.75
-41.748 -39.112 -35.255 -31.11 -25.864 -36.504 -42.895 -15.59 -5.3871 -12.655 -2.1692 -5.0848 -17.935 -20.161 -14.04 -13.043 -23.168 -25.768 -17.938 -11.057 0.41327 13.276 32.534 31.658 49.268 49.911 52.502 57.237 57.859 48.738 61.273 50.817 51.232 60.188 61.537 53.439 42.394 75.896 81.689 98.864 119.05 137.69 151.27 164.5 182.56 201.02 191.52 187.41 165.27 181.59 189.74 199.56 247.87 278.05 279.19 269.08 274.42 269.21 265.24 270.27 287.38 288.84 295.54 295.82 283.82 280.66 266.44 255.84 201.98 245.5
-57.549 -43.423 -36.592 -34.158 -36.137 -36.802 -20.326 -14.413 -14.027 -3.5974 -10.469 -16.959 -20.492 -18.002 -14.723 -17.963 -27.111 -24.08 -14.287 -2.9824 -3.6697 10.741 23.195 33.675 39.882 56.044 52.763 53.722 53.694 51.519 62.178 54.977 31.052 65.803 65.612 66.214 54.816 75.57 90.22 95.332 122.47 176.2 181.36 174.14 194.99 206.57 215.23 197.82 164.79 166.99 161.19 167.48 237.7 269.47 271.31 281.05 283.86 285.71 282.55 284.28 264.55 285.96 289.93 285.93 279.54 290.72 274.75 220.04 213.05 252.83
-55.072 -46.575 -40.518 -29.711 -34.486 -18.478 -4.857 -18.022 -6.7517 -18.354 -14.281 -25.922 -14.689 -21.324 -23.96 -22.929 -30.702 -17.563 -8.9869 -3.0829 -1.0968 5.4664 13.092 18.695 29.877 42.211 52.182 47.046 52.117 60.42 61.15 65.646 64.43 73.045 71.269 68.847 68.583 79.541 77.534 59.516 116.8 152.21 191.75 217.61 240.03 244.27 244.68 223.78 183.87 193.71 158.82 166.08 205.51 249.34 265.97 280.58 279.59 289.12 277.61 281.96 278.21 285.4 282.82 287.3 278.96 277.37 274.67 280.04 225.3 221.18
